# Obj file Generated by Strata 3D CX(TM): http://www.strata.com
mtllib S7_SS_0.mtl
v 435.373749 304.261505 300.552460
v 435.442810 295.445923 300.727417
v 435.993256 286.739563 299.106415
v 437.003906 278.477020 295.751801
v 438.435944 270.975800 290.792480
v 440.234314 264.524261 284.419037
v 442.329926 259.370270 276.876404
v 444.642242 255.711929 268.454437
v 447.082397 253.689804 259.476837
v 449.556580 253.381638 250.288589
v 451.969757 254.799240 241.242798
v 454.229156 257.888153 232.687119
v 456.247955 262.529694 224.950348
v 457.948578 268.545441 218.329803
v 459.265656 275.704224 213.079926
v 460.148590 283.730896 209.402466
v 460.563446 292.317017 207.438751
v 460.494263 301.132629 207.264252
v 459.943695 309.838959 208.885666
v 458.932953 318.101349 212.240692
v 457.500793 325.602295 217.200394
v 455.702362 332.053558 223.574158
v 453.606659 337.207214 231.117050
v 451.294312 340.865173 239.539185
v 448.854156 342.886871 248.516876
v 446.379974 343.194611 257.705139
v 443.966827 341.776581 266.750854
v 441.707458 338.687286 275.306366
v 439.688721 334.045380 283.042908
v 437.988190 328.029358 289.663147
v 436.671204 320.870331 294.912659
v 435.788391 312.843445 298.589722
v 202.004593 301.188202 237.814270
v 202.419235 309.770172 235.851517
v 203.302048 317.797028 232.174454
v 204.619034 324.956055 226.924942
v 206.319565 330.972107 220.304703
v 208.338303 335.613983 212.568161
v 210.597656 338.703308 204.012650
v 213.010803 340.121338 194.966949
v 215.485001 339.813568 185.778687
v 217.925156 337.791870 176.800980
v 220.237503 334.133911 168.378845
v 222.333191 328.980255 160.835968
v 224.131638 322.528992 154.462189
v 225.563782 315.028046 149.502502
v 226.574539 306.765656 146.147461
v 227.125092 298.059357 144.526047
v 227.194275 289.243744 144.700546
v 226.779434 280.657593 146.664261
v 225.896500 272.630920 150.341721
v 224.579422 265.472137 155.591599
v 222.878799 259.456390 162.212143
v 220.859985 254.814865 169.948929
v 218.600586 251.725952 178.504608
v 216.187424 250.308334 187.550385
v 213.713211 250.616516 196.738632
v 211.273071 252.638626 205.716248
v 208.960770 256.296967 214.138199
v 206.865158 261.450958 221.680832
v 205.066772 267.902496 228.054291
v 203.634750 275.403717 233.013611
v 202.624084 283.666260 236.368225
v 202.073654 292.372620 237.989212
v 201.893600 164.360672 170.931976
v 156.640671 165.897003 156.646896
v 71.099411 164.550034 427.483643
v 116.352341 163.013702 441.768707
v 197.015717 -1.303920 168.567429
v 111.474457 -2.650887 439.404144
v 151.762787 0.232414 154.282349
v 66.221527 -1.114552 425.119080
v 172.787125 254.358749 171.364624
v 320.291199 -3.602109 75.274918
v 91.496017 4.165475 3.050720
v 10.283133 2.886665 260.183167
v 239.078308 -4.880920 332.407349
v 308.751129 409.455139 126.299194
v 82.071350 404.394104 54.679333
v 24.247787 403.483582 237.757584
v 250.927551 408.544617 309.377441
v 313.419434 194.619415 126.705193
v 255.595886 193.708908 309.783447
v 86.739670 189.558380 55.085327
v 28.916113 188.647858 238.163574

vt 0.000000 0.500000
vt 0.009608 0.402453
vt 0.038061 0.308656
vt 0.084268 0.222211
vt 0.146451 0.146442
vt 0.222221 0.084261
vt 0.308667 0.038057
vt 0.402465 0.009605
vt 0.500012 0.000000
vt 0.597558 0.009610
vt 0.691356 0.038066
vt 0.777799 0.084274
vt 0.853566 0.146459
vt 0.915746 0.222231
vt 0.961948 0.308678
vt 0.990397 0.402477
vt 1.000000 0.500024
vt 0.990388 0.597570
vt 0.961929 0.691367
vt 0.915719 0.777809
vt 0.853532 0.853575
vt 0.777759 0.915752
vt 0.691311 0.961952
vt 0.597511 0.990399
vt 0.499964 1.000000
vt 0.402418 0.990385
vt 0.308622 0.961925
vt 0.222181 0.915712
vt 0.146417 0.853524
vt 0.084241 0.777749
vt 0.038043 0.691300
vt 0.009598 0.597500
vt 0.009598 0.402500
vt 0.038043 0.308700
vt 0.084241 0.222251
vt 0.146417 0.146476
vt 0.222181 0.084288
vt 0.308622 0.038075
vt 0.402418 0.009615
vt 0.499964 0.000000
vt 0.597511 0.009601
vt 0.691311 0.038048
vt 0.777759 0.084248
vt 0.853532 0.146425
vt 0.915719 0.222191
vt 0.961929 0.308633
vt 0.990388 0.402430
vt 1.000000 0.499976
vt 0.990397 0.597523
vt 0.961948 0.691322
vt 0.915746 0.777769
vt 0.853566 0.853541
vt 0.777799 0.915726
vt 0.691356 0.961934
vt 0.597558 0.990390
vt 0.500012 1.000000
vt 0.402465 0.990395
vt 0.308667 0.961943
vt 0.222221 0.915739
vt 0.146451 0.853558
vt 0.084268 0.777789
vt 0.038061 0.691344
vt 0.009608 0.597547
vt 0.000000 1.000000
vt 0.000000 0.000000
vt 0.031250 0.000000
vt 0.031250 1.000000
vt 0.062500 0.000000
vt 0.062500 1.000000
vt 0.093750 0.000000
vt 0.093750 1.000000
vt 0.125000 0.000000
vt 0.125000 1.000000
vt 0.156250 0.000000
vt 0.156250 1.000000
vt 0.187500 0.000000
vt 0.187500 1.000000
vt 0.218750 0.000000
vt 0.218750 1.000000
vt 0.250000 0.000000
vt 0.250000 1.000000
vt 0.281250 0.000000
vt 0.281250 1.000000
vt 0.312500 0.000000
vt 0.312500 1.000000
vt 0.343750 0.000000
vt 0.343750 1.000000
vt 0.375000 0.000000
vt 0.375000 1.000000
vt 0.406250 0.000000
vt 0.406250 1.000000
vt 0.437500 0.000000
vt 0.437500 1.000000
vt 0.468750 0.000000
vt 0.468750 1.000000
vt 0.500000 0.000000
vt 0.500000 1.000000
vt 0.531250 0.000000
vt 0.531250 1.000000
vt 0.562500 0.000000
vt 0.562500 1.000000
vt 0.593750 0.000000
vt 0.593750 1.000000
vt 0.625000 0.000000
vt 0.625000 1.000000
vt 0.656250 0.000000
vt 0.656250 1.000000
vt 0.687500 0.000000
vt 0.687500 1.000000
vt 0.718750 0.000000
vt 0.718750 1.000000
vt 0.750000 0.000000
vt 0.750000 1.000000
vt 0.781250 0.000000
vt 0.781250 1.000000
vt 0.812500 0.000000
vt 0.812500 1.000000
vt 0.843750 0.000000
vt 0.843750 1.000000
vt 0.875000 0.000000
vt 0.875000 1.000000
vt 0.906250 0.000000
vt 0.906250 1.000000
vt 0.937500 0.000000
vt 0.937500 1.000000
vt 0.968750 0.000000
vt 0.968750 1.000000
vt 1.000000 0.000000
vt 1.000000 1.000000

vn 0.965633 0.012717 0.259598
vn -0.259160 0.122885 0.957985
vn 0.965633 0.012717 0.259598
vn -0.257524 -0.088183 0.962240
vn 0.965633 0.012717 0.259598
vn -0.244632 -0.292913 0.924314
vn 0.965633 0.012717 0.259598
vn -0.221714 -0.480906 0.848276
vn 0.965633 0.012717 0.259598
vn -0.190568 -0.644544 0.740437
vn 0.965633 0.012717 0.259598
vn -0.153142 -0.779170 0.607817
vn 0.965633 0.012717 0.259598
vn -0.111231 -0.882496 0.456978
vn 0.965633 0.012717 0.259598
vn -0.066342 -0.953657 0.293492
vn 0.965633 0.012717 0.259598
vn -0.019719 -0.992339 0.121961
vn 0.965633 0.012717 0.259598
vn 0.027557 -0.998182 -0.053606
vn 0.965633 0.012717 0.259598
vn 0.074409 -0.970522 -0.229238
vn 0.965633 0.012717 0.259598
vn 0.119606 -0.908501 -0.400400
vn 0.965633 0.012717 0.259598
vn 0.161634 -0.811549 -0.561482
vn 0.965633 0.012717 0.259598
vn 0.198642 -0.680228 -0.705572
vn 0.965633 0.012717 0.259598
vn 0.228533 -0.517273 -0.824743
vn 0.965633 0.012717 0.259598
vn 0.249245 -0.328477 -0.911032
vn 0.965633 0.012717 0.259598
vn 0.259160 -0.122859 -0.957988
vn 0.965633 0.012717 0.259598
vn 0.257522 0.088234 -0.962235
vn 0.965633 0.012717 0.259598
vn 0.244628 0.292961 -0.924300
vn 0.965633 0.012717 0.259598
vn 0.221708 0.480952 -0.848252
vn 0.965633 0.012717 0.259598
vn 0.190560 0.644581 -0.740406
vn 0.965633 0.012717 0.259598
vn 0.153133 0.779199 -0.607782
vn 0.965633 0.012717 0.259598
vn 0.111220 0.882517 -0.456940
vn 0.965633 0.012717 0.259598
vn 0.066331 0.953670 -0.293451
vn 0.965633 0.012717 0.259598
vn 0.019708 0.992344 -0.121919
vn 0.965633 0.012717 0.259598
vn -0.027568 0.998179 0.053649
vn 0.965633 0.012717 0.259598
vn -0.074420 0.970511 0.229280
vn 0.965633 0.012717 0.259598
vn -0.119617 0.908482 0.400441
vn 0.965633 0.012717 0.259598
vn -0.161644 0.811522 0.561519
vn 0.965633 0.012717 0.259598
vn -0.198650 0.680192 0.705604
vn 0.965633 0.012717 0.259598
vn -0.228540 0.517230 0.824768
vn 0.965633 0.012717 0.259598
vn -0.249247 0.328452 0.911041
vn -0.965633 -0.012717 -0.259598
vn -0.259160 0.122885 0.957985
vn -0.965633 -0.012717 -0.259598
vn -0.249247 0.328452 0.911041
vn -0.965633 -0.012717 -0.259598
vn -0.228540 0.517230 0.824768
vn -0.965633 -0.012717 -0.259598
vn -0.198650 0.680192 0.705604
vn -0.965633 -0.012717 -0.259598
vn -0.161644 0.811522 0.561519
vn -0.965633 -0.012717 -0.259598
vn -0.119617 0.908482 0.400441
vn -0.965633 -0.012717 -0.259598
vn -0.074420 0.970511 0.229280
vn -0.965633 -0.012717 -0.259598
vn -0.027568 0.998179 0.053649
vn -0.965633 -0.012717 -0.259598
vn 0.019708 0.992344 -0.121919
vn -0.965633 -0.012717 -0.259598
vn 0.066331 0.953670 -0.293451
vn -0.965633 -0.012717 -0.259598
vn 0.111220 0.882517 -0.456940
vn -0.965633 -0.012717 -0.259598
vn 0.153133 0.779199 -0.607782
vn -0.965633 -0.012717 -0.259598
vn 0.190560 0.644581 -0.740406
vn -0.965633 -0.012717 -0.259598
vn 0.221708 0.480952 -0.848252
vn -0.965633 -0.012717 -0.259598
vn 0.244628 0.292961 -0.924300
vn -0.965633 -0.012717 -0.259598
vn 0.257522 0.088234 -0.962235
vn -0.965633 -0.012717 -0.259598
vn 0.259160 -0.122859 -0.957988
vn -0.965633 -0.012717 -0.259598
vn 0.249245 -0.328477 -0.911032
vn -0.965633 -0.012717 -0.259598
vn 0.228533 -0.517273 -0.824743
vn -0.965633 -0.012717 -0.259598
vn 0.198642 -0.680228 -0.705572
vn -0.965633 -0.012717 -0.259598
vn 0.161634 -0.811549 -0.561482
vn -0.965633 -0.012717 -0.259598
vn 0.119606 -0.908501 -0.400400
vn -0.965633 -0.012717 -0.259598
vn 0.074409 -0.970522 -0.229238
vn -0.965633 -0.012717 -0.259598
vn 0.027557 -0.998182 -0.053606
vn -0.965633 -0.012717 -0.259598
vn -0.019719 -0.992339 0.121961
vn -0.965633 -0.012717 -0.259598
vn -0.066342 -0.953657 0.293492
vn -0.965633 -0.012717 -0.259598
vn -0.111231 -0.882496 0.456978
vn -0.965633 -0.012717 -0.259598
vn -0.153142 -0.779170 0.607817
vn -0.965633 -0.012717 -0.259598
vn -0.190568 -0.644544 0.740437
vn -0.965633 -0.012717 -0.259598
vn -0.221714 -0.480906 0.848276
vn -0.965633 -0.012717 -0.259598
vn -0.244632 -0.292913 0.924314
vn -0.965633 -0.012717 -0.259598
vn -0.257524 -0.088183 0.962240
vn 0.029429 0.999465 0.014265
vn 0.953116 -0.032358 0.300872
vn 0.301172 0.004742 -0.953558
vn 0.029429 0.999465 0.014265
vn 0.301172 0.004742 -0.953558
vn -0.953116 0.032358 -0.300872
vn 0.029429 0.999465 0.014265
vn -0.953116 0.032358 -0.300872
vn -0.301172 -0.004743 0.953558
vn 0.029429 0.999465 0.014265
vn 0.953116 -0.032358 0.300872
vn -0.301172 -0.004743 0.953558
vn 0.953116 -0.032358 0.300872
vn 0.301172 0.004742 -0.953558
vn -0.029429 -0.999465 -0.014265
vn 0.953116 -0.032358 0.300872
vn -0.301172 -0.004743 0.953558
vn -0.029429 -0.999465 -0.014265
vn 0.301172 0.004742 -0.953558
vn -0.953116 0.032358 -0.300872
vn -0.029429 -0.999465 -0.014265
vn -0.953116 0.032358 -0.300872
vn -0.301172 -0.004743 0.953558
vn -0.029429 -0.999465 -0.014265
vn 0.279975 0.471574 -0.836201
vn -0.849735 0.455117 -0.266118
vn -0.252451 0.463191 0.849543
vn 0.874813 0.396569 0.278274
vn 0.279975 0.471574 -0.836201
vn 0.874813 0.396569 0.278274
vn -0.029429 -0.999465 -0.014265
vn 0.279975 0.471574 -0.836201
vn -0.849735 0.455117 -0.266118
vn -0.029429 -0.999465 -0.014265
vn -0.849735 0.455117 -0.266118
vn -0.252451 0.463191 0.849543
vn -0.029429 -0.999465 -0.014265
vn -0.252451 0.463191 0.849543
vn 0.874813 0.396569 0.278274
vn -0.029429 -0.999465 -0.014265
vn -0.021725 0.999762 -0.001889
vn 0.953322 0.021285 0.301204
vn 0.301172 0.004742 -0.953558
vn -0.021725 0.999762 -0.001889
vn 0.301172 0.004742 -0.953558
vn -0.953322 -0.021285 -0.301204
vn -0.021725 0.999762 -0.001889
vn -0.953322 -0.021285 -0.301204
vn -0.301172 -0.004742 0.953558
vn -0.021725 0.999762 -0.001889
vn 0.953322 0.021285 0.301204
vn -0.301172 -0.004742 0.953558
vn 0.953322 0.021285 0.301204
vn 0.301172 0.004742 -0.953558
vn 0.021725 -0.999762 0.001889
vn 0.953322 0.021285 0.301204
vn -0.301172 -0.004742 0.953558
vn 0.021725 -0.999762 0.001889
vn 0.301172 0.004742 -0.953558
vn -0.953322 -0.021285 -0.301204
vn 0.021725 -0.999762 0.001889
vn -0.953322 -0.021285 -0.301204
vn -0.301172 -0.004742 0.953558
vn 0.021725 -0.999762 0.001889

f 1/1/1 2/2/3 3/3/5 4/4/7 5/5/9 6/6/11 7/7/13 8/8/15 9/9/17 10/10/19 11/11/21 12/12/23 13/13/25 14/14/27 15/15/29 16/16/31 17/17/33 18/18/35 19/19/37 20/20/39 21/21/41 22/22/43 23/23/45 24/24/47 25/25/49 26/26/51 27/27/53 28/28/55 29/29/57 30/30/59 31/31/61 32/32/63
f 33/1/65 34/33/67 35/34/69 36/35/71 37/36/73 38/37/75 39/38/77 40/39/79 41/40/81 42/41/83 43/42/85 44/43/87 45/44/89 46/45/91 47/46/93 48/47/95 49/48/97 50/49/99 51/50/101 52/51/103 53/52/105 54/53/107 55/54/109 56/55/111 57/56/113 58/57/115 59/58/117 60/59/119 61/60/121 62/61/123 63/62/125 64/63/127
f 33/64/66 1/65/2 32/66/64 34/67/68
f 34/67/68 32/66/64 31/68/62 35/69/70
f 35/69/70 31/68/62 30/70/60 36/71/72
f 36/71/72 30/70/60 29/72/58 37/73/74
f 37/73/74 29/72/58 28/74/56 38/75/76
f 38/75/76 28/74/56 27/76/54 39/77/78
f 39/77/78 27/76/54 26/78/52 40/79/80
f 40/79/80 26/78/52 25/80/50 41/81/82
f 41/81/82 25/80/50 24/82/48 42/83/84
f 42/83/84 24/82/48 23/84/46 43/85/86
f 43/85/86 23/84/46 22/86/44 44/87/88
f 44/87/88 22/86/44 21/88/42 45/89/90
f 45/89/90 21/88/42 20/90/40 46/91/92
f 46/91/92 20/90/40 19/92/38 47/93/94
f 47/93/94 19/92/38 18/94/36 48/95/96
f 48/95/96 18/94/36 17/96/34 49/97/98
f 49/97/98 17/96/34 16/98/32 50/99/100
f 50/99/100 16/98/32 15/100/30 51/101/102
f 51/101/102 15/100/30 14/102/28 52/103/104
f 52/103/104 14/102/28 13/104/26 53/105/106
f 53/105/106 13/104/26 12/106/24 54/107/108
f 54/107/108 12/106/24 11/108/22 55/109/110
f 55/109/110 11/108/22 10/110/20 56/111/112
f 56/111/112 10/110/20 9/112/18 57/113/114
f 57/113/114 9/112/18 8/114/16 58/115/116
f 58/115/116 8/114/16 7/116/14 59/117/118
f 59/117/118 7/116/14 6/118/12 60/119/120
f 60/119/120 6/118/12 5/120/10 61/121/122
f 61/121/122 5/120/10 4/122/8 62/123/124
f 62/123/124 4/122/8 3/124/6 63/125/126
f 63/125/126 3/124/6 2/126/4 64/127/128
f 64/127/128 2/126/4 1/128/2 33/129/66
f 65/129/129 66/64/132 67/65/135 68/128/138
f 69/128/141 65/129/130 68/64/139 70/65/144
f 69/65/142 71/128/147 66/129/133 65/64/131
f 66/64/134 71/65/148 72/128/150 67/129/136
f 68/129/140 67/64/137 72/65/151 70/128/145
f 71/65/149 69/128/143 70/129/146 72/64/152
f 73/97/153 74/96/157 75/112/160
f 73/97/154 75/112/161 76/128/163
f 73/97/155 76/65/164 77/80/166
f 73/97/156 77/80/167 74/96/158
f 74/128/159 77/129/168 76/64/165 75/65/162
f 78/129/169 79/64/172 80/65/175 81/128/178
f 82/128/181 78/129/170 81/64/179 83/65/184
f 82/65/182 84/128/187 79/129/173 78/64/171
f 79/64/174 84/65/188 85/128/190 80/129/176
f 81/129/180 80/64/177 85/65/191 83/128/185
f 84/65/189 82/128/183 83/129/186 85/64/192

# End of File
