# Obj file Generated by Strata 3D CX(TM): http://www.strata.com
mtllib S7_SD_0.mtl
v 302.041626 470.892975 211.849335
v 348.188232 296.315155 53.206406
v 164.972336 288.209686 136.927139
v 259.433899 273.506836 342.224976
v 442.649780 281.612305 258.504242
v 190.197845 171.656357 167.981781
v 4.423414 167.405945 241.107239
v 63.496567 166.641266 391.137512
v 249.271011 170.891678 318.012024
v 193.458542 -8.769026 165.778320
v 252.531693 -9.533701 315.808563
v 7.684104 -13.019437 238.903778
v 66.757256 -13.784112 388.934021
v 404.741821 134.347305 82.938637
v 406.372375 94.569847 80.691711
v 188.887344 80.180428 177.604202
v 187.256805 119.957886 179.851135
v 461.634094 129.508026 209.894272
v 244.149094 115.118607 306.806763
v 463.264648 89.730568 207.647354
v 245.779648 75.341148 304.559845
v 344.338043 112.755257 185.428879
v 345.931396 112.772064 192.660675
v 345.976135 112.782280 200.112411
v 344.470490 112.785522 207.497665
v 341.472321 112.781647 214.532669
v 337.096863 112.770821 220.947006
v 331.512268 112.753456 226.494202
v 324.933167 112.730217 230.961075
v 317.612396 112.701996 234.175949
v 309.831268 112.669876 236.015289
v 301.888824 112.635101 236.408386
v 294.090332 112.598999 235.340149
v 286.735474 112.562958 232.851639
v 280.106873 112.528366 229.038467
v 274.459320 112.496544 224.047195
v 270.009827 112.468735 218.069626
v 266.929382 112.445984 211.335510
v 265.336395 112.429176 204.103607
v 265.292053 112.418961 196.651855
v 266.798065 112.415726 189.266647
v 269.796600 112.419601 182.231781
v 274.172363 112.430428 175.817627
v 279.757233 112.447800 170.270660
v 286.336548 112.471039 165.804077
v 293.657471 112.499260 162.589523
v 301.438660 112.531380 160.750534
v 309.381104 112.566154 160.357788
v 317.179535 112.602257 161.426376
v 324.534241 112.638298 163.915237
v 331.162628 112.672890 167.728714
v 336.809906 112.704704 172.720245
v 341.259094 112.732521 178.698029
v 343.435791 315.718689 185.155991
v 340.356842 315.695923 178.425140
v 335.907684 315.668121 172.447372
v 330.260376 315.636322 167.455826
v 323.632019 315.601715 163.642349
v 316.277283 315.565674 161.153503
v 308.478851 315.529572 160.084915
v 300.536438 315.494781 160.477661
v 292.755219 315.462677 162.316635
v 285.434296 315.434448 165.531189
v 278.854980 315.411224 169.997772
v 273.270111 315.393829 175.544739
v 268.894348 315.383026 181.958893
v 265.895844 315.379150 188.993759
v 264.389801 315.382385 196.378967
v 264.434143 315.392609 203.830719
v 266.027130 315.409393 211.062622
v 269.107574 315.432159 217.796753
v 273.557068 315.459961 223.774307
v 279.204651 315.491791 228.765579
v 285.833221 315.526367 232.578751
v 293.188110 315.562408 235.067276
v 300.986603 315.598511 236.135498
v 308.929016 315.633301 235.742401
v 316.710144 315.665405 233.903061
v 324.030914 315.693634 230.688187
v 330.610046 315.716858 226.221313
v 336.194611 315.734253 220.674118
v 340.570068 315.745056 214.259781
v 343.568237 315.748932 207.224777
v 345.073883 315.745697 199.839523
v 345.029175 315.735474 192.387802

vt 0.500000 1.000000
vt 0.500000 0.000000
vt 0.750000 0.000000
vt 1.000000 0.000000
vt 0.000000 0.000000
vt 0.250000 0.000000
vt 1.000000 1.000000
vt 0.000000 1.000000
vt 0.000000 0.500000
vt 0.009608 0.402453
vt 0.038061 0.308656
vt 0.084268 0.222211
vt 0.146451 0.146442
vt 0.222221 0.084261
vt 0.308667 0.038057
vt 0.402465 0.009605
vt 0.500012 0.000000
vt 0.597558 0.009610
vt 0.691356 0.038066
vt 0.777799 0.084274
vt 0.853566 0.146459
vt 0.915746 0.222231
vt 0.961948 0.308678
vt 0.990397 0.402477
vt 1.000000 0.500024
vt 0.990388 0.597570
vt 0.961929 0.691367
vt 0.915719 0.777809
vt 0.853532 0.853575
vt 0.777759 0.915752
vt 0.691311 0.961952
vt 0.597511 0.990399
vt 0.499964 1.000000
vt 0.402418 0.990385
vt 0.308622 0.961925
vt 0.222181 0.915712
vt 0.146417 0.853524
vt 0.084241 0.777749
vt 0.038043 0.691300
vt 0.009598 0.597500
vt 0.009598 0.402500
vt 0.038043 0.308700
vt 0.084241 0.222251
vt 0.146417 0.146476
vt 0.222181 0.084288
vt 0.308622 0.038075
vt 0.402418 0.009615
vt 0.499964 0.000000
vt 0.597511 0.009601
vt 0.691311 0.038048
vt 0.777759 0.084248
vt 0.853532 0.146425
vt 0.915719 0.222191
vt 0.961929 0.308633
vt 0.990388 0.402430
vt 1.000000 0.499976
vt 0.990397 0.597523
vt 0.961948 0.691322
vt 0.915746 0.777769
vt 0.853566 0.853541
vt 0.777799 0.915726
vt 0.691356 0.961934
vt 0.597558 0.990390
vt 0.500012 1.000000
vt 0.402465 0.990395
vt 0.308667 0.961943
vt 0.222221 0.915739
vt 0.146451 0.853558
vt 0.084268 0.777789
vt 0.038061 0.691344
vt 0.009608 0.597547
vt 0.031250 0.000000
vt 0.031250 1.000000
vt 0.062500 0.000000
vt 0.062500 1.000000
vt 0.093750 0.000000
vt 0.093750 1.000000
vt 0.125000 0.000000
vt 0.125000 1.000000
vt 0.156250 0.000000
vt 0.156250 1.000000
vt 0.187500 0.000000
vt 0.187500 1.000000
vt 0.218750 0.000000
vt 0.218750 1.000000
vt 0.250000 1.000000
vt 0.281250 0.000000
vt 0.281250 1.000000
vt 0.312500 0.000000
vt 0.312500 1.000000
vt 0.343750 0.000000
vt 0.343750 1.000000
vt 0.375000 0.000000
vt 0.375000 1.000000
vt 0.406250 0.000000
vt 0.406250 1.000000
vt 0.437500 0.000000
vt 0.437500 1.000000
vt 0.468750 0.000000
vt 0.468750 1.000000
vt 0.531250 0.000000
vt 0.531250 1.000000
vt 0.562500 0.000000
vt 0.562500 1.000000
vt 0.593750 0.000000
vt 0.593750 1.000000
vt 0.625000 0.000000
vt 0.625000 1.000000
vt 0.656250 0.000000
vt 0.656250 1.000000
vt 0.687500 0.000000
vt 0.687500 1.000000
vt 0.718750 0.000000
vt 0.718750 1.000000
vt 0.750000 1.000000
vt 0.781250 0.000000
vt 0.781250 1.000000
vt 0.812500 0.000000
vt 0.812500 1.000000
vt 0.843750 0.000000
vt 0.843750 1.000000
vt 0.875000 0.000000
vt 0.875000 1.000000
vt 0.906250 0.000000
vt 0.906250 1.000000
vt 0.937500 0.000000
vt 0.937500 1.000000
vt 0.968750 0.000000
vt 0.968750 1.000000

vn -0.361479 0.572907 -0.735602
vn -0.804036 0.438667 0.401369
vn 0.795016 0.509409 -0.329320
vn 0.351634 0.461912 0.814242
vn -0.361479 0.572907 -0.735602
vn 0.795016 0.509409 -0.329320
vn 0.009486 -0.997080 -0.075773
vn -0.361479 0.572907 -0.735602
vn -0.804036 0.438667 0.401369
vn 0.009486 -0.997080 -0.075773
vn -0.804036 0.438667 0.401369
vn 0.351634 0.461912 0.814242
vn 0.009486 -0.997080 -0.075773
vn 0.351634 0.461912 0.814242
vn 0.795016 0.509409 -0.329320
vn 0.009486 -0.997080 -0.075773
vn -0.018068 0.999762 0.012210
vn 0.930297 0.021285 -0.366188
vn -0.366361 0.004742 -0.930461
vn -0.018068 0.999762 0.012210
vn -0.366361 0.004742 -0.930461
vn -0.930297 -0.021285 0.366188
vn -0.018068 0.999762 0.012210
vn -0.930297 -0.021285 0.366188
vn 0.366361 -0.004742 0.930461
vn -0.018068 0.999762 0.012210
vn 0.930297 0.021285 -0.366188
vn 0.366361 -0.004742 0.930461
vn 0.930297 0.021285 -0.366188
vn 0.018068 -0.999762 -0.012210
vn -0.366361 0.004742 -0.930461
vn 0.930297 0.021285 -0.366188
vn 0.018068 -0.999762 -0.012210
vn 0.366361 -0.004742 0.930461
vn -0.366361 0.004742 -0.930461
vn 0.018068 -0.999762 -0.012210
vn -0.930297 -0.021285 0.366188
vn -0.930297 -0.021285 0.366188
vn 0.018068 -0.999762 -0.012210
vn 0.366361 -0.004742 0.930461
vn -0.408696 0.034764 -0.912008
vn -0.040892 0.997573 0.056350
vn 0.911754 0.060324 -0.406282
vn -0.408696 0.034764 -0.912008
vn 0.911754 0.060324 -0.406282
vn 0.040892 -0.997573 -0.056350
vn -0.408696 0.034764 -0.912008
vn 0.040892 -0.997573 -0.056350
vn -0.911754 -0.060324 0.406283
vn -0.408696 0.034764 -0.912008
vn -0.040892 0.997573 0.056350
vn -0.911754 -0.060324 0.406283
vn -0.040892 0.997573 0.056350
vn 0.408696 -0.034764 0.912008
vn 0.911754 0.060324 -0.406282
vn -0.040892 0.997573 0.056350
vn 0.408696 -0.034764 0.912008
vn -0.911754 -0.060324 0.406283
vn 0.911754 0.060324 -0.406282
vn 0.408696 -0.034764 0.912008
vn 0.040892 -0.997573 -0.056350
vn 0.040892 -0.997573 -0.056350
vn 0.408696 -0.034764 0.912008
vn -0.911754 -0.060324 0.406283
vn 0.004445 -0.999989 0.001344
vn 0.948296 0.003789 -0.317366
vn 0.004445 -0.999989 0.001344
vn 0.993788 0.004268 -0.111209
vn 0.004445 -0.999989 0.001344
vn 0.995235 0.004555 0.097397
vn 0.004445 -0.999989 0.001344
vn 0.954736 0.004644 0.297420
vn 0.004445 -0.999989 0.001344
vn 0.877210 0.004545 0.480085
vn 0.004445 -0.999989 0.001344
vn 0.768876 0.004278 0.639384
vn 0.004445 -0.999989 0.001344
vn 0.635945 0.003865 0.771725
vn 0.004445 -0.999989 0.001344
vn 0.483903 0.003328 0.875115
vn 0.004445 -0.999989 0.001344
vn 0.317361 0.002686 0.948301
vn 0.004445 -0.999989 0.001344
vn 0.140315 0.001955 0.990105
vn 0.004445 -0.999989 0.001344
vn -0.043331 0.001151 0.999060
vn 0.004445 -0.999989 0.001344
vn -0.229142 0.000290 0.973393
vn 0.004445 -0.999989 0.001344
vn -0.411539 -0.000604 0.911392
vn 0.004445 -0.999989 0.001344
vn -0.583394 -0.001501 0.812188
vn 0.004445 -0.999989 0.001344
vn -0.736131 -0.002362 0.676834
vn 0.004445 -0.999989 0.001344
vn -0.860537 -0.003141 0.509378
vn 0.004445 -0.999989 0.001344
vn -0.948304 -0.003789 0.317340
vn 0.004445 -0.999989 0.001344
vn -0.993794 -0.004268 0.111157
vn 0.004445 -0.999989 0.001344
vn -0.995230 -0.004555 -0.097448
vn 0.004445 -0.999989 0.001344
vn -0.954721 -0.004644 -0.297468
vn 0.004445 -0.999989 0.001344
vn -0.877188 -0.004545 -0.480126
vn 0.004445 -0.999989 0.001344
vn -0.768846 -0.004278 -0.639419
vn 0.004445 -0.999989 0.001344
vn -0.635910 -0.003865 -0.771754
vn 0.004445 -0.999989 0.001344
vn -0.483864 -0.003328 -0.875137
vn 0.004445 -0.999989 0.001344
vn -0.317318 -0.002686 -0.948315
vn 0.004445 -0.999989 0.001344
vn -0.140271 -0.001955 -0.990111
vn 0.004445 -0.999989 0.001344
vn 0.043376 -0.001150 -0.999058
vn 0.004445 -0.999989 0.001344
vn 0.229188 -0.000290 -0.973382
vn 0.004445 -0.999989 0.001344
vn 0.411582 0.000604 -0.911372
vn 0.004445 -0.999989 0.001344
vn 0.583435 0.001502 -0.812159
vn 0.004445 -0.999989 0.001344
vn 0.736166 0.002363 -0.676797
vn 0.004445 -0.999989 0.001344
vn 0.860550 0.003141 -0.509356
vn -0.004445 0.999989 -0.001344
vn 0.948296 0.003789 -0.317366
vn -0.004445 0.999989 -0.001344
vn 0.860550 0.003141 -0.509356
vn -0.004445 0.999989 -0.001344
vn 0.736166 0.002363 -0.676797
vn -0.004445 0.999989 -0.001344
vn 0.583435 0.001502 -0.812159
vn -0.004445 0.999989 -0.001344
vn 0.411582 0.000604 -0.911372
vn -0.004445 0.999989 -0.001344
vn 0.229188 -0.000290 -0.973382
vn -0.004445 0.999989 -0.001344
vn 0.043376 -0.001150 -0.999058
vn -0.004445 0.999989 -0.001344
vn -0.140271 -0.001955 -0.990111
vn -0.004445 0.999989 -0.001344
vn -0.317318 -0.002686 -0.948315
vn -0.004445 0.999989 -0.001344
vn -0.483864 -0.003328 -0.875137
vn -0.004445 0.999989 -0.001344
vn -0.635910 -0.003865 -0.771754
vn -0.004445 0.999989 -0.001344
vn -0.768846 -0.004278 -0.639419
vn -0.004445 0.999989 -0.001344
vn -0.877188 -0.004545 -0.480126
vn -0.004445 0.999989 -0.001344
vn -0.954721 -0.004644 -0.297468
vn -0.004445 0.999989 -0.001344
vn -0.995230 -0.004555 -0.097448
vn -0.004445 0.999989 -0.001344
vn -0.993794 -0.004268 0.111157
vn -0.004445 0.999989 -0.001344
vn -0.948304 -0.003789 0.317340
vn -0.004445 0.999989 -0.001344
vn -0.860537 -0.003141 0.509378
vn -0.004445 0.999989 -0.001344
vn -0.736131 -0.002362 0.676834
vn -0.004445 0.999989 -0.001344
vn -0.583394 -0.001501 0.812188
vn -0.004445 0.999989 -0.001344
vn -0.411539 -0.000604 0.911392
vn -0.004445 0.999989 -0.001344
vn -0.229142 0.000290 0.973393
vn -0.004445 0.999989 -0.001344
vn -0.043331 0.001151 0.999060
vn -0.004445 0.999989 -0.001344
vn 0.140315 0.001955 0.990105
vn -0.004445 0.999989 -0.001344
vn 0.317361 0.002686 0.948301
vn -0.004445 0.999989 -0.001344
vn 0.483903 0.003328 0.875115
vn -0.004445 0.999989 -0.001344
vn 0.635945 0.003865 0.771725
vn -0.004445 0.999989 -0.001344
vn 0.768876 0.004278 0.639384
vn -0.004445 0.999989 -0.001344
vn 0.877210 0.004545 0.480085
vn -0.004445 0.999989 -0.001344
vn 0.954736 0.004644 0.297420
vn -0.004445 0.999989 -0.001344
vn 0.995235 0.004555 0.097397
vn -0.004445 0.999989 -0.001344
vn 0.993788 0.004268 -0.111209

f 1/1/1 2/2/5 3/3/8
f 1/1/2 3/3/9 4/4/11
f 1/1/4 4/5/12 5/6/14
f 1/1/3 5/6/15 2/2/6
f 2/4/7 5/7/16 4/8/13 3/5/10
f 6/7/17 7/8/20 8/5/23 9/4/26
f 10/4/29 6/7/18 9/8/27 11/5/32
f 10/5/31 12/4/35 7/7/21 6/8/19
f 7/8/22 12/5/37 13/4/38 8/7/24
f 9/7/28 8/8/25 13/5/40 11/4/34
f 12/5/36 10/4/30 11/7/33 13/8/39
f 14/7/41 15/8/44 16/5/47 17/4/50
f 18/4/53 14/7/42 17/8/51 19/5/56
f 18/5/55 20/4/59 15/7/45 14/8/43
f 15/8/46 20/5/61 21/4/62 16/7/48
f 17/7/52 16/8/49 21/5/64 19/4/58
f 20/5/60 18/4/54 19/7/57 21/8/63
f 22/9/65 23/10/67 24/11/69 25/12/71 26/13/73 27/14/75 28/15/77 29/16/79 30/17/81 31/18/83 32/19/85 33/20/87 34/21/89 35/22/91 36/23/93 37/24/95 38/25/97 39/26/99 40/27/101 41/28/103 42/29/105 43/30/107 44/31/109 45/32/111 46/33/113 47/34/115 48/35/117 49/36/119 50/37/121 51/38/123 52/39/125 53/40/127
f 54/9/129 55/41/131 56/42/133 57/43/135 58/44/137 59/45/139 60/46/141 61/47/143 62/48/145 63/49/147 64/50/149 65/51/151 66/52/153 67/53/155 68/54/157 69/55/159 70/56/161 71/57/163 72/58/165 73/59/167 74/60/169 75/61/171 76/62/173 77/63/175 78/64/177 79/65/179 80/66/181 81/67/183 82/68/185 83/69/187 84/70/189 85/71/191
f 54/8/130 22/5/66 53/72/128 55/73/132
f 55/73/132 53/72/128 52/74/126 56/75/134
f 56/75/134 52/74/126 51/76/124 57/77/136
f 57/77/136 51/76/124 50/78/122 58/79/138
f 58/79/138 50/78/122 49/80/120 59/81/140
f 59/81/140 49/80/120 48/82/118 60/83/142
f 60/83/142 48/82/118 47/84/116 61/85/144
f 61/85/144 47/84/116 46/6/114 62/86/146
f 62/86/146 46/6/114 45/87/112 63/88/148
f 63/88/148 45/87/112 44/89/110 64/90/150
f 64/90/150 44/89/110 43/91/108 65/92/152
f 65/92/152 43/91/108 42/93/106 66/94/154
f 66/94/154 42/93/106 41/95/104 67/96/156
f 67/96/156 41/95/104 40/97/102 68/98/158
f 68/98/158 40/97/102 39/99/100 69/100/160
f 69/100/160 39/99/100 38/2/98 70/1/162
f 70/1/162 38/2/98 37/101/96 71/102/164
f 71/102/164 37/101/96 36/103/94 72/104/166
f 72/104/166 36/103/94 35/105/92 73/106/168
f 73/106/168 35/105/92 34/107/90 74/108/170
f 74/108/170 34/107/90 33/109/88 75/110/172
f 75/110/172 33/109/88 32/111/86 76/112/174
f 76/112/174 32/111/86 31/113/84 77/114/176
f 77/114/176 31/113/84 30/3/82 78/115/178
f 78/115/178 30/3/82 29/116/80 79/117/180
f 79/117/180 29/116/80 28/118/78 80/119/182
f 80/119/182 28/118/78 27/120/76 81/121/184
f 81/121/184 27/120/76 26/122/74 82/123/186
f 82/123/186 26/122/74 25/124/72 83/125/188
f 83/125/188 25/124/72 24/126/70 84/127/190
f 84/127/190 24/126/70 23/128/68 85/129/192
f 85/129/192 23/128/68 22/4/66 54/7/130

# End of File
